      UserID  Cluster
0          1        1
1          2        2
2          3        1
3          4        1
4          5        1
...      ...      ...
6035    6036        0
6036    6037        2
6037    6038        1
6038    6039        1
6039    6040        2

[6040 rows x 2 columns]
              UserID      MovieID    Rating
Cluster                                    
0        2959.827615  1872.132363  3.485515
1        2998.955378  1905.394144  3.675809
2        3100.108614  1834.045868  3.609390
(568, 3565)
(3808, 3516)
(1664, 3562)
------------Cluster 1------------
**Additive Utilitarian : 
 MovieID
260     2443.0
1196    2422.0
1198    2360.0
1270    2216.0
608     2194.0
593     2175.0
296     2169.0
858     2146.0
2571    2144.0
1197    2135.0
dtype: float64
**Average : 
 MovieID
696     5.000000
666     5.000000
3232    5.000000
981     5.000000
572     5.000000
787     5.000000
853     5.000000
2538    5.000000
3338    4.916667
858     4.675381
dtype: float64
**Simple Count : 
 MovieID
1196    548
260     535
1270    534
1580    519
1210    515
1097    514
2716    514
1198    510
589     506
480     504
dtype: int64
**Approval Voting : 
 MovieID
260     360
1198    352
858     343
1196    304
296     300
318     299
2858    293
608     287
527     284
593     284
dtype: int64
**Borda Voting : 
 MovieID
260     267802.0
1198    263294.0
1196    259505.0
593     243136.0
858     242095.0
608     240256.0
296     237532.0
2858    233807.0
318     233091.5
2571    231276.0
dtype: float64
**Copeland Rule: 
 MovieID
858     3495
1198    3468
912     3467
260     3464
750     3440
608     3435
904     3420
593     3418
923     3417
50      3400
dtype: int64
------------Cluster 2------------
**Additive Utilitarian : 
 MovieID
2858    7708.0
260     5192.0
1210    4655.0
2028    4643.0
1196    4631.0
2762    4533.0
593     4464.0
527     4371.0
2396    4239.0
110     4142.0
dtype: float64
**Average : 
 MovieID
2192    5.0
3382    5.0
2503    5.0
128     5.0
130     5.0
3280    5.0
1787    5.0
1830    5.0
2538    5.0
854     5.0
dtype: float64
**Simple Count : 
 MovieID
2858    1798
260     1200
1210    1186
1196    1119
2028    1071
593     1035
480     1032
2762    1029
2396    1026
2997     997
dtype: int64
**Approval Voting : 
 MovieID
2858    1011
260      635
527      614
2762     598
2028     576
318      544
593      529
858      525
2571     486
110      481
dtype: int64
**Borda Voting : 
 MovieID
2858    86503.5
260     55894.0
527     54155.0
2762    52761.5
2028    52096.0
593     51011.0
1196    50432.5
2396    49683.5
608     47522.5
318     46938.0
dtype: float64
**Copeland Rule: 
 MovieID
527     2677
2858    2579
858     2535
912     2399
318     2389
1193    2326
750     2254
2762    2246
908     2238
608     2226
dtype: int64
------------Cluster 3------------
**Additive Utilitarian : 
 MovieID
1196    5783.0
260     5686.0
2571    5209.0
1198    5070.0
2858    4967.0
1210    4829.0
2028    4821.0
589     4690.0
593     4580.0
1270    4490.0
dtype: float64
**Average : 
 MovieID
578     5.0
1369    5.0
3314    5.0
3236    5.0
3245    5.0
3233    5.0
1384    5.0
1360    5.0
3881    5.0
787     5.0
dtype: float64
**Simple Count : 
 MovieID
1196    1323
260     1256
2571    1201
1210    1182
589     1155
2858    1154
1580    1138
480     1136
1270    1120
1198    1117
dtype: int64
**Approval Voting : 
 MovieID
260     831
1198    718
1196    717
2571    677
2858    659
318     614
858     607
2028    580
527     577
2762    555
dtype: int64
**Borda Voting : 
 MovieID
260     217416.5
1196    215937.0
2571    197594.5
1198    196639.0
2858    192694.0
2028    184071.0
593     179093.0
608     174375.0
1210    171925.5
318     170443.0
dtype: float64
**Copeland Rule: 
 MovieID
858     3308
912     3213
1198    3171
1221    3167
608     3162
260     3154
527     3139
50      3101
1193    3097
750     3094
dtype: int64
